100 25 0.5 10
0.138113 0.691393 5 7
1.10434 5.59233 29 2
2.12162 4.46104 12 1
0.503017 0.475353 29 0
3.04847 3.62312 9 1
3.78068 3.8923 29 3
0.217746 3.93615 47 0
0.15394 2.12222 49 6
2.22783 6.85228 40 5
2.49193 2.53688 47 3
0.877355 4.11928 28 1
4.6011 4.81518 15 1
1.35194 1.92389 16 3
0.535028 0.331034 47 4
3.22 0.336925 30 0
1.59203 1.3611 40 4
0.598578 1.29951 11 6
0.034025 4.49363 12 4
1.43805 0.622112 38 3
0.0821529 7.49253 28 2
0.924538 0.383716 39 1
0.375766 0.792197 38 6
0.649421 2.55311 43 7
0.0593461 0.995729 25 4
1.76014 0.901432 23 2
0.181919 1.00258 39 1
1.05267 1.55563 32 3
0.733274 3.89376 37 0
3.44061 1.56142 17 6
1.77113 6.05403 36 7
1.11557 1.29034 44 3
1.74926 2.41611 2 4
3.29683 1.86531 42 7
2.55733 1.1679 12 5
2.39505 0.378004 4 6
3.40917 0.536202 45 1
1.42201 3.60976 2 5
1.578 0.693857 29 6
1.37541 1.93689 11 5
0.21838 3.60787 13 7
0.459926 5.45576 46 7
0.402424 4.57842 27 7
4.58165 1.30429 36 1
1.20982 1.1867 16 6
0.190068 2.63959 23 1
2.93811 8.06557 49 4
0.960143 4.0395 10 2
1.16087 2.06429 17 1
0.823657 3.37719 3 2
1.21341 1.33821 13 3
2.27918 0.0879927 30 5
0.683901 0.27229 22 3
1.87126 0.349089 35 3
0.107129 0.949323 45 3
0.149544 5.99116 40 2
0.881201 5.07715 26 0
1.31572 1.4428 21 6
2.52979 1.03017 15 2
0.592349 0.328669 1 2
0.302013 2.13398 38 0
1.62006 1.90113 24 1
2.49189 2.43978 34 0
1.05646 1.8073 21 0
0.662296 0.224889 6 0
0.975167 1.60781 42 5
2.21646 4.84556 3 6
4.54966 7.39015 8 6
1.0262 0.237394 46 6
1.29237 2.29642 3 4
0.333831 0.780428 33 2
2.0282 6.54214 15 6
7.10009 2.31335 44 4
0.0873744 0.766398 10 1
0.154154 3.65762 2 7
1.77194 4.36859 39 6
3.21262 0.87107 29 4
2.94563 1.14665 5 7
1.33952 0.787714 10 5
0.285288 1.91787 25 6
0.185674 2.3281 17 6
2.68312 1.65675 48 0
0.388155 0.0588132 49 0
2.49633 0.672419 41 2
0.991181 2.25275 39 5
4.03766 0.370736 27 3
0.673579 0.824951 5 3
2.24883 1.37674 14 0
0.0140403 1.29762 45 1
2.88224 0.382475 10 7
0.195739 4.29101 47 0
0.0539379 0.688491 16 3
2.38049 5.43832 5 1
0.006501 1.18469 35 4
1.42569 0.661489 4 4
1.41567 2.81021 33 2
0.0904861 1.47651 25 0
1.17069 0.948162 48 2
0.180135 0.277357 18 6
0.534904 0.996907 16 7
0.317753 2.36232 7 6
4.92966 0.53483 21 3
0.713804 1.89476 48 7
0.301684 1.17652 17 5
2.28198 0.47427 41 5
0.87472 0.650361 47 3
0.510384 2.94203 14 3
0.00114998 1.43261 13 6
0.0409272 2.41262 30 0
2.21344 11.245 20 6
1.02062 2.46918 40 2
5.80353 5.02952 3 1
0.0283372 0.406188 43 4
0.607244 0.550967 47 2
2.88307 3.90208 37 1
0.337833 13.5865 46 6
1.3338 1.64823 38 4
0.882854 4.50266 21 0
0.85815 3.81657 17 4
1.46704 2.50243 39 2
2.02597 1.13474 43 7
1.08961 0.58603 13 4
5.50414 0.0757378 36 6
0.00829716 1.07648 29 3
2.36555 2.77356 49 5
0.976367 2.23427 38 0
0.639658 6.1826 31 7
1.10629 2.31469 17 5
4.21901 4.11709 30 4
8.05186 0.461605 6 0
0.252558 0.458518 41 6
0.954931 2.29627 11 5
0.423244 3.9245 22 1
0.66075 4.17815 15 2
1.82959 0.256625 14 5
1.60623 1.32066 22 3
0.322194 8.03783 44 6
0.167828 10.8235 41 5
0.211005 1.08183 28 3
3.81916 0.675125 4 6
0.0128403 1.72366 3 4
0.50182 2.58472 44 7
1.80088 4.70431 36 4
0.397811 4.59426 49 4
2.2754 0.366871 18 0
0.159437 4.29398 41 6
0.240658 2.47615 7 7
2.63892 3.94111 36 1
0.463614 0.646782 38 3
2.70592 1.09273 21 3
0.293354 5.17497 3 4
1.76281 9.02181 7 3
0.136947 1.86922 29 6
0.580347 2.29955 28 4
0.344812 0.969189 21 7
0.145403 4.765 5 5
0.0894301 0.422955 3 0
0.933159 1.98568 26 2
0.754302 1.47309 45 7
0.745093 8.62541 19 4
0.946859 0.145768 15 1
1.42399 0.411886 34 1
0.834508 5.39776 5 3
1.87345 4.20471 5 1
4.24591 4.97158 15 4
0.728114 0.539393 45 1
1.35188 0.569575 4 7
0.24106 2.06422 24 2
1.27651 0.642143 27 6
0.605901 3.67732 46 1
1.49115 8.75814 33 4
2.15987 0.737361 41 2
0.151687 5.1732 42 3
0.0717142 0.770706 34 2
0.823486 0.730211 16 3
2.23925 0.592573 38 4
0.744084 2.99057 20 1
0.872896 2.83 23 7
1.46106 5.09386 26 4
0.162317 2.69778 42 6
1.06171 0.959513 15 3
1.15805 0.0948457 38 0
0.422427 6.1602 21 7
0.163731 4.33912 28 3
1.02407 0.135493 36 0
1.74261 4.14543 46 5
1.59547 2.08861 12 1
0.33818 6.16144 1 2
0.351671 3.0303 34 1
1.78924 2.00621 12 0
0.869528 1.14266 49 3
0.273471 1.53214 46 2
0.936583 1.10558 17 6
0.232311 3.31288 23 1
0.482097 0.926447 20 4
0.334861 2.28562 38 4
0.484266 1.9967 40 7
0.124907 8.6522 2 3
0.555223 11.442 44 4
0.820068 0.553306 41 0
1.06882 4.5857 44 2
1.19216 2.56232 25 1
3.7918 0.320292 32 6
1.68963 2.23053 22 0
0.187439 3.68722 1 6
1.89469 7.78486 13 7
4.12236 4.79601 22 4
0.0472641 3.37021 35 3
1.21253 1.33457 38 6
0.0519747 3.37753 1 0
2.60259 1.08829 44 3
3.64148 2.81981 24 7
0.818981 1.76136 37 6
0.854981 15.3756 38 4
2.6914 3.83831 12 0
1.03455 0.242346 28 7
0.92283 2.86786 38 3
0.758205 0.657175 26 5
1.15828 2.22436 11 4
0.412304 0.923297 24 2
2.23298 3.76404 7 6
2.10864 0.272991 18 3
2.86702 1.37285 25 4
0.947819 7.07983 27 0
1.36713 3.00659 26 7
3.4266 7.50609 36 4
1.07943 0.204203 3 1
0.625659 1.60968 27 6
0.387872 1.03592 31 7
0.756737 0.104179 19 5
0.808869 0.394562 17 0
0.101615 0.386451 6 2
2.44533 1.12862 15 2
0.509052 11.6355 40 1
0.073432 0.413274 20 4
1.30678 0.255745 23 1
0.741456 6.92002 8 1
4.50786 1.66136 45 4
1.32279 3.52225 34 2
2.98866 0.561526 32 2
1.09532 0.230137 29 1
0.0880993 2.45501 17 7
1.99836 0.858343 24 5
0.62704 0.216892 40 1
0.000745714 0.141768 21 0
1.0224 2.81592 32 7
0.777915 2.70756 11 5
2.61463 0.44051 1 4
0.344245 1.39932 39 5
0.0508483 5.2604 31 1
0.235297 5.76962 43 3
4.71335 1.0521 36 0
0.651651 4.68823 4 0
1.02736 0.833811 1 0
3.67627 3.83427 38 1
3.69133 0.67648 43 6
1.45456 1.12221 29 2
0.36294 4.02965 27 4
1.6962 2.35576 6 2
3.85388 0.458191 19 5
7.36605 2.00875 41 3
2.39009 0.512104 28 2
4.24216 2.81396 25 1
3.16162 2.58919 49 3
6.16145 1.43109 40 6
0.356609 2.78352 21 0
0.444361 1.63963 21 6
1.38663 0.594192 25 3
1.91787 2.86169 43 3
2.6542 2.11535 35 1
0.375694 3.91137 17 7
0.789145 2.88089 18 4
0.153983 4.86731 19 5
1.04654 0.636692 38 1
1.62638 4.24037 1 5
0.0122252 1.71146 5 2
0.250363 0.148705 35 7
1.31248 2.25268 10 1
0.665169 1.60586 3 1
0.217194 2.37472 39 6
0.879753 4.47592 22 0
0.0566861 4.14053 12 2
1.37547 3.54002 49 2
0.388167 6.91 31 4
5.23596 2.84076 30 3
0.426628 0.610643 30 2
1.55894 1.17243 29 1
4.87833 2.56856 47 4
0.892411 2.43491 30 3
0.778359 0.521422 39 7
3.68659 0.741064 17 6
0.278627 0.149493 22 6
1.77594 8.38412 14 0
0.257995 0.411342 20 1
0.979659 0.119048 18 4
1.54994 2.92334 6 6
0.505341 0.928855 19 2
0.902271 4.82969 12 4
0.140561 1.41721 22 5
0.880965 0.357164 29 6
0.119046 0.454761 43 6
0.477358 3.43333 46 1
2.09249 3.13863 38 4
0.711886 0.409949 22 2
0.804262 0.569809 29 0
0.0582103 0.499853 35 6
1.2596 4.72704 30 7
4.65744 4.43677 39 7
5.35942 1.16369 35 5
0.152265 1.17108 47 1
0.104699 0.887565 35 4
0.775168 4.93886 42 1
0.0676377 2.11335 13 7
1.85257 0.150199 39 5
3.09334 2.49772 32 1
0.857666 2.19921 6 4
3.93108 0.531657 16 7
1.09884 3.31782 5 3
0.0202639 0.633496 46 4
0.0985726 0.683705 36 7
2.20134 0.126511 40 3
0.102794 1.40706 9 0
0.0631494 0.557305 10 4
2.0409 2.97884 4 2
2.86439 2.41058 14 4
0.594518 2.61167 49 5
2.70301 0.257471 11 0
0.516787 0.230078 48 7
0.149942 0.696685 20 6
1.48683 1.44095 43 2
1.34654 6.53935 40 5
1.36551 0.333574 46 4
1.80965 4.08764 6 7
0.833946 5.61566 29 5
5.09307 0.609624 39 5
0.449709 0.723644 32 5
0.891238 8.53283 23 7
0.713455 2.76586 10 7
1.26663 10.67 31 6
0.139352 1.50635 16 1
0.397028 2.14356 7 2
0.878271 0.881947 2 4
0.944205 0.55733 15 1
0.777868 0.233634 43 0
0.0541826 2.76302 1 4
0.560896 4.02372 28 0
2.17397 4.17648 44 1
0.410185 4.07995 16 4
0.654809 2.07808 41 1
2.60696 0.466232 37 5
0.587195 8.36659 46 1
0.0507585 0.606284 18 7
2.82581 2.57561 25 6
0.807647 6.93344 45 6
1.9485 0.655896 45 0
0.0226546 3.76747 26 4
0.571338 2.77095 39 6
2.42306 1.62885 25 6
0.808841 2.14192 5 4
2.07727 2.05446 23 2
0.296349 0.156761 10 3
5.4585 6.16902 9 2
0.196854 6.39054 14 6
1.69533 0.615823 24 7
2.869 3.40065 40 2
0.330342 2.92698 9 2
0.411937 3.48194 44 7
0.505599 2.64145 18 4
1.66 1.58759 44 2
0.666595 6.97314 31 3
2.78974 0.324696 18 3
0.523072 0.527713 21 6
3.47462 3.72576 8 7
0.863847 2.98456 12 2
0.821734 5.02608 14 2
1.01528 1.18966 39 6
2.49388 1.0344 7 6
0.435521 0.765034 15 7
0.621581 1.11172 16 2
1.04842 0.772998 9 4
0.0307299 2.95044 23 4
0.6769 0.970822 41 1
0.268724 5.81794 23 2
0.442867 3.73704 7 7
0.145231 3.38977 35 5
6.08072 11.6545 26 5
0.585791 0.468546 1 1
0.742405 4.47738 35 4
1.03785 4.61908 5 0
0.227667 0.260938 15 5
5.69009 0.798956 1 6
0.0435895 5.24806 33 6
1.3527 2.53808 26 3
1.38498 8.54069 4 0
0.183685 6.86629 10 3
2.06507 0.318765 3 5
4.04645 4.86263 41 7
3.90581 5.41719 30 0
0.218827 1.35305 41 6
0.471632 1.80453 35 0
0.206645 3.89222 25 1
1.98875 1.44492 15 1
0.642431 1.91617 30 6
1.41224 1.12918 30 3
0.327211 2.23014 17 6
0.893718 0.217276 47 3
0.909469 0.672815 11 1
1.84339 0.252899 18 1
2.83868 0.416762 19 3
1.18614 1.04156 26 0
2.74268 5.44672 47 4
0.382874 1.59125 47 4
0.0614158 3.12555 21 3
2.1151 2.5747 44 6
2.77103 5.64638 1 3
5.07468 2.61012 28 1
2.1457 0.19275 28 5
0.689635 6.88601 36 6
2.44647 1.01592 14 7
2.16727 3.7009 25 1
0.922194 0.242386 33 6
1.76744 1.51791 25 3
0.588161 1.71897 42 5
0.19553 2.26527 42 0
1.47243 2.28921 37 7
1.06873 1.85529 37 5
2.57191 9.82985 30 3
1.96816 5.697 28 6
4.99009 3.70266 26 2
0.340564 8.29927 37 3
0.854472 1.29646 7 3
5.614 0.0537288 26 3
1.28477 3.32269 18 7
0.399984 6.13168 27 7
3.18206 5.09829 15 2
2.05537 0.40538 7 2
3.29687 1.07022 29 7
0.50584 2.72673 17 2
0.0730312 1.88827 34 7
1.05489 4.19834 17 7
1.10829 0.954361 38 1
0.34716 3.07187 7 7
1.2013 2.08665 13 5
1.67183 2.41353 46 3
4.18462 1.66375 15 6
0.203597 1.1857 1 6
3.09894 1.01241 39 4
0.197729 5.08677 24 2
0.266496 3.60081 27 4
0.879719 0.998159 25 7
2.94621 0.742112 32 3
2.74204 1.42811 42 1
3.28041 4.88927 47 7
0.35636 0.146117 39 7
0.631408 1.4453 24 4
0.498065 0.145675 42 4
2.27028 2.39264 8 5
3.67875 1.10516 36 1
1.26031 2.63288 32 4
0.100428 1.84397 38 0
0.654959 0.884964 1 3
0.554423 0.652986 15 2
1.46757 0.637448 41 0
0.405195 1.01716 30 7
3.77943 0.7738 35 1
1.29366 2.2352 18 6
0.367586 0.0722459 19 5
1.0513 4.97568 37 0
0.222984 0.807701 26 4
0.922611 0.522573 42 7
0.686716 0.979315 47 2
1.42529 1.5679 17 3
1.75116 8.82096 29 5
1.14967 0.212138 26 1
0.106218 0.328033 46 3
4.82356 1.07538 26 7
1.30154 8.00365 21 7
0.200116 3.24659 40 3
0.0465201 0.754789 43 2
1.72362 4.23431 39 4
2.17941 2.5822 15 5
1.71817 0.587325 44 1
0.506792 0.575065 32 5
1.06615 4.71305 31 7
2.32524 7.60807 40 0
1.59658 1.28147 28 2
1.43831 2.26477 31 5
0.73002 2.2907 13 6
0.371049 1.55393 24 0
1.48131 2.55554 15 0
2.46866 0.214058 39 5
3.41872 2.23926 26 2
1.09323 2.81811 18 6
0.0860974 0.294803 5 2
1.63197 0.874721 48 7
2.94696 3.7365 37 7
0.360782 3.85369 48 1
0.76481 3.3203 10 6
2.25135 0.103914 21 2
1.32611 0.197331 29 6
1.85344 0.206554 32 1
0.238876 0.802709 26 1
1.11237 1.81736 5 4
0.465291 0.545053 24 3
4.64404 2.02178 31 4
0.459884 0.553867 19 7
0.325703 0.601296 12 1
0.420773 0.559529 3 0
0.401643 0.925555 12 4
1.15814 0.754224 38 7
1.99387 0.456182 24 7
0.571276 0.11553 23 5
1.21047 5.83865 17 1
0.125051 0.869147 5 5
0.92675 2.94107 45 2
2.91214 0.16382 14 7
0.59354 1.69174 24 0
1.85433 3.49496 1 4
3.25935 1.79381 25 6
1.07271 0.154875 24 7
4.07652 0.561474 3 7
0.891979 4.98862 34 0
1.13027 1.36983 16 4
0.86627 1.27925 23 1
2.91299 0.165781 16 3
2.25122 2.91384 46 2
0.290715 2.25264 4 2
1.40781 1.48563 10 3
1.3894 3.59567 20 7
1.37914 6.04584 48 6
0.549492 3.0776 21 1
0.135558 0.351637 22 0
0.247235 0.798498 22 0
4.03551 2.55749 18 7
0.352886 2.11188 8 1
9.31856 2.66516 29 3
0.745431 0.0750803 15 7
3.59243 3.36747 40 6
0.820269 3.76705 49 3
3.12204 2.22508 26 7
2.61617 0.164875 1 1
1.61945 2.61599 5 0
0.32479 3.43983 13 6
0.708425 0.477941 9 1
0.261561 1.93245 9 7
0.437438 0.0873353 34 2
2.2209 1.07841 38 2
3.57842 3.19445 14 1
2.04247 3.24462 23 4
0.644416 1.51697 33 3
0.294314 0.25406 12 3
0.384009 2.28286 31 4
0.182088 0.601393 26 4
0.34173 4.25882 45 7
0.234754 0.984954 16 7
0.040168 1.32947 9 1
0.185773 1.19149 38 4
2.37588 2.11883 47 0
1.46449 4.33359 21 0
0.754699 7.46443 36 3
0.226145 3.71791 5 5
1.25194 15.0681 32 2
0.529159 0.147972 10 5
0.825785 2.55639 43 3
11.2575 1.13751 47 1
3.53186 0.306172 10 3
3.55814 1.24713 28 5
0.569947 3.17775 7 4
0.943085 3.7361 9 7
2.09107 0.592888 10 7
0.380121 2.38656 29 2
0.392666 1.99722 38 6
3.20376 0.869669 47 1
0.675864 4.90761 32 5
0.38687 4.07515 19 3
1.03059 1.68104 47 0
0.411558 5.27203 46 7
0.105764 5.0799 45 5
0.916544 1.84656 2 2
0.0787939 0.643122 3 0
0.964014 0.0596099 12 1
2.81455 0.378724 42 7
3.66903 3.87406 17 4
0.435172 3.10741 28 3
1.24546 1.77555 23 2
0.648326 2.52862 3 1
0.21802 6.91353 22 6
0.227109 1.8132 43 2
1.01868 5.79649 25 5
0.0329658 2.80036 27 0
0.855508 0.404691 31 2
2.59948 4.30735 38 4
0.543377 3.59602 46 2
0.698809 0.128861 24 3
4.86589 0.236161 14 7
1.23179 5.08016 13 7
2.07422 0.792496 27 1
3.68393 6.57048 13 5
0.086273 0.36466 45 0
3.9296 0.991856 34 5
0.106453 1.28221 4 4
0.778652 1.55939 1 4
1.0635 3.15051 25 7
1.22899 0.777146 40 5
1.01713 2.66414 43 4
1.22195 5.08223 10 2
5.96789 5.7085 24 0
0.336585 4.73087 41 5
0.383388 0.332889 13 2
1.17359 3.29994 47 7
0.823568 2.01 40 7
2.26952 1.23897 32 5
0.0391324 1.73092 13 3
0.62843 2.02831 38 5
0.835369 3.67428 37 2
1.35103 1.4757 4 1
1.11437 2.85813 25 7
0.735098 2.01938 40 1
0.132467 1.22551 8 0
2.00118 0.650182 40 1
1.73399 6.63104 31 7
0.920106 2.4551 30 0
0.690417 2.75246 22 0
0.143185 1.80633 8 2
0.282544 1.1054 13 3
3.14684 6.55708 29 0
0.511703 0.862764 7 7
0.964664 0.183285 9 6
5.58956 0.664158 37 4
2.58011 2.68983 31 6
0.536047 7.20115 39 4
0.847389 0.193094 47 2
0.729756 3.88207 39 5
1.76845 2.53997 36 7
3.41148 0.398134 46 4
0.286833 5.83247 20 6
0.180752 4.72403 19 0
0.984362 11.3855 41 1
3.84082 1.27473 39 4
0.835824 0.817305 49 1
0.0708238 0.654861 43 1
2.66832 1.32713 12 1
1.07863 4.55746 42 2
1.90382 3.47582 7 1
1.27997 1.73646 10 7
0.933896 10.2559 5 4
0.661047 0.368509 11 1
0.691955 4.04499 17 4
0.0181127 3.93692 40 1
0.298876 8.10435 20 2
2.26607 3.66798 28 3
1.02125 0.957988 31 7
2.26518 0.596143 40 5
0.282412 0.293599 16 3
0.34121 1.67697 32 3
0.461504 0.0992428 48 5
2.35949 0.668981 42 0
0.28252 3.60402 14 0
1.05882 0.446131 25 7
0.856875 5.63483 43 6
0.133373 1.04751 24 5
0.78276 0.634058 9 2
1.65802 0.550746 38 0
0.320595 0.800601 37 7
0.930564 1.31972 49 2
0.24383 3.25175 18 2
2.90032 0.424566 14 5
0.0465149 4.81418 22 7
0.284007 0.278616 30 3
0.500848 0.633004 38 0
0.705013 1.62386 3 3
1.85221 0.597373 20 6
1.29079 2.37945 7 1
0.568502 1.76388 28 6
1.44109 0.446558 24 2
8.84927 0.266139 11 6
0.266552 0.540708 11 4
0.697328 0.0925161 28 1
0.945292 1.30047 32 6
1.27448 8.51118 29 6
1.21317 0.868096 4 0
2.13269 1.20117 45 4
1.03577 2.43196 46 3
1.70649 5.08437 16 1
0.0653776 1.64807 33 4
0.959576 3.85463 39 0
0.275295 2.17737 40 1
1.10652 2.33766 3 7
3.01234 5.51126 49 2
0.423369 0.339818 46 1
1.83801 0.434201 35 4
0.0128668 9.56152 35 7
0.854136 2.47975 26 0
0.737699 2.98899 5 3
0.43858 0.302678 33 1
1.69935 0.9228 5 3
0.287265 6.58292 38 4
0.0526112 0.915359 39 1
0.815723 1.76612 41 4
0.9188 1.63355 25 0
0.136084 10.1451 7 4
1.60005 3.79008 46 0
2.93802 1.39848 13 3
1.77624 2.72017 43 0
1.24962 1.20548 33 3
1.55249 2.00874 31 7
0.0580692 2.10268 23 3
0.042432 0.15062 28 7
0.0315115 0.949572 19 2
0.116303 2.95481 18 0
0.1569 1.22569 24 1
0.0457211 2.74733 15 3
0.0437196 0.156574 38 2
1.25615 2.42232 11 3
0.271158 1.05978 43 6
0.664017 2.20435 34 4
3.0263 6.94563 45 0
1.39629 3.25707 5 2
0.147213 1.4392 23 6
0.129025 0.778153 13 7
0.498179 9.55212 10 0
1.27543 2.34001 25 1
3.8442 2.62553 2 5
0.356121 0.898511 15 7
0.363032 3.91153 47 1
1.01718 8.55155 21 3
0.713097 0.367236 13 4
0.664259 1.68782 20 2
0.875704 1.34862 23 7
0.0072111 0.177472 10 0
1.68598 3.80899 38 0
0.0967405 7.02749 49 5
1.84554 0.237413 43 6
0.056639 3.17801 8 4
2.55692 2.21015 5 6
0.0871433 1.81803 7 3
3.4742 1.39781 22 0
0.897435 1.23848 8 6
0.24234 0.301026 46 6
0.0496734 0.27616 24 1
0.246896 2.67014 1 6
0.644763 4.56795 19 6
0.764543 1.9945 30 4
0.0696242 0.844442 1 0
1.66841 2.08704 7 6
3.91889 3.335 34 7
2.50465 1.27474 34 1
0.917254 4.40112 19 2
0.917628 2.43239 9 1
0.85479 1.5883 48 1
0.000167157 1.47511 33 7
1.75239 1.04894 49 4
3.11071 5.44099 22 1
1.3655 5.07094 5 4
0.416896 0.694182 35 2
0.0758498 6.48126 32 3
1.1033 0.575355 32 0
1.49593 1.31132 8 2
2.53732 0.581106 15 3
1.05088 3.09563 4 4
1.26853 1.70551 38 6
0.61558 0.437998 18 3
0.662109 7.51972 33 4
2.95091 2.97402 3 4
3.01759 0.98157 30 3
1.75509 0.778282 41 3
0.838839 5.23167 46 0
1.23387 0.0715585 31 6
0.969991 2.35414 31 1
1.95716 0.0935668 28 7
4.86811 3.79276 23 1
0.895514 1.72205 37 5
2.2904 2.68257 7 3
3.34533 0.178667 47 5
3.68739 0.368114 34 3
0.195779 2.93967 17 3
0.483961 0.153552 27 7
0.0851302 6.07069 42 7
1.65595 2.97372 7 6
0.278564 0.359204 25 0
2.08385 1.20366 26 2
0.777701 1.9165 49 5
1.48153 1.05904 8 1
0.0249527 1.86661 30 5
1.16327 4.9371 33 3
2.0899 1.72346 18 4
0.279068 1.80549 20 5
1.38544 0.322976 33 4
0.915296 4.23516 47 0
0.590439 0.255335 38 0
0.756067 0.268918 12 4
1.31011 0.462611 14 6
0.0151612 0.23374 12 1
1.16906 1.37707 38 2
3.54509 4.6373 45 3
4.11299 1.41802 4 4
0.380733 10.5722 34 3
0.0944674 2.02847 22 4
1.42278 0.992812 5 6
0.897066 2.5775 30 4
1.75371 0.487535 37 5
1.21379 1.73122 49 4
0.571977 0.294116 48 5
1.03216 7.62016 16 2
3.94329 0.0510633 34 7
1.13189 5.29834 26 6
0.303911 1.2405 29 2
0.0216 4.03731 43 2
4.51619 1.28855 1 3
3.0319 11.5587 49 6
0.123803 0.164978 26 3
8.09515 0.529665 33 0
0.27483 2.7977 4 2
1.12269 1.36755 5 2
2.21933 0.973423 30 1
0.159921 1.93053 24 7
3.59681 1.85063 20 1
0.999824 2.42009 49 3
1.53048 1.75172 40 2
1.57652 1.93624 21 1
0.312673 1.89139 22 2
3.817 1.61649 26 2
2.12726 5.16282 24 0
0.728115 0.174038 3 5
1.1786 1.97761 44 7
0.232118 0.392632 18 1
1.38907 4.55974 27 5
0.648974 0.174721 43 3
1.20536 3.05143 35 3
0.256868 3.82744 39 0
1.49951 3.44719 9 7
2.23943 3.65116 31 5
0.510867 1.71485 29 4
1.36094 0.231035 37 6
3.36566 3.22748 24 5
2.08785 2.74446 9 5
0.634496 0.411108 8 3
3.50157 0.201936 27 3
2.31366 0.876493 19 3
0.0653095 9.94846 3 5
0.899267 1.18556 10 7
0.815393 0.188781 34 5
2.12111 4.69031 20 3
0.999883 1.51015 6 1
1.22867 3.21794 31 4
2.14586 4.74966 47 3
0.197132 2.8021 41 6
1.49296 0.36823 24 7
0.946825 0.99541 40 0
0.657517 1.85593 37 6
0.633372 5.15077 16 1
0.535031 2.12219 14 0
0.472935 0.337693 31 7
4.46522 1.47435 18 7
0.153274 4.21965 37 1
3.81687 3.80696 7 4
0.138458 0.211154 33 4
1.22854 2.30693 20 0
0.892401 0.897324 10 1
2.71903 1.88468 17 6
1.41518 0.168031 40 3
0.935399 4.48666 17 3
1.4667 6.63823 33 3
1.74781 0.600959 1 1
0.430569 1.02553 37 1
3.56672 5.01944 12 4
0.232956 2.15093 42 7
0.132224 4.41257 43 2
2.93091 1.03664 35 5
0.243218 8.94793 4 1
3.28712 0.824304 31 3
0.891255 1.16251 30 2
1.63791 2.77077 22 3
1.06714 1.06391 1 2
3.31607 0.430786 16 0
4.85778 4.23137 15 1
0.212674 0.0728877 40 5
5.63587 0.381356 45 0
0.707269 1.61029 26 1
2.4773 5.56635 21 3
1.15071 0.428151 44 7
0.917182 0.279568 12 4
0.37156 1.47337 32 6
0.404017 0.240003 48 4
0.12269 0.683406 16 7
0.6109 3.75431 3 2
0.386462 1.45338 20 7
0.549857 0.521936 22 1
0.535074 2.83524 3 1
2.03591 3.12745 42 0
0.218954 1.92524 40 4
1.31207 0.664697 12 2
0.832902 1.55655 13 1
0.364831 2.97434 24 4
0.18118 0.373067 24 4
0.49583 0.283124 34 3
2.04364 0.813503 30 3
5.06597 2.06655 25 7
0.121159 3.00306 25 2
3.45716 0.853273 32 5
1.85692 0.345412 43 0
2.30636 2.82768 29 0
2.2433 7.00429 32 7
0.0392508 2.82103 16 1
3.86343 0.265962 34 0
1.44527 4.29788 49 2
1.01982 1.88088 30 4
2.25714 3.67283 12 3
2.98992 6.26726 26 2
1.26547 5.556 20 4
2.51076 7.88743 27 1
1.40659 0.473541 18 3
0.389426 7.58094 27 1
2.08709 1.69098 20 5
0.000721888 12.3128 15 1
2.02581 1.65517 34 2
0.707612 3.95447 34 0
1.62643 6.06881 32 3
2.87623 4.37645 32 4
5.49602 0.0610714 47 6
4.4379 1.86492 45 2
8.5171 2.93766 49 0
1.61689 3.06877 11 4
0.274567 0.336964 46 3
3.2707 1.25332 23 3
0.493299 5.84786 45 6
1.84146 1.53316 18 2
0.858991 3.09113 4 4
0.354697 0.0818064 43 6
1.7086 0.403475 39 4
2.55602 0.0692758 10 7
0.17634 5.35897 21 7
0.434859 0.361044 20 3
0.0268668 2.88926 15 2
0.192855 1.1823 28 3
0.100529 1.19162 1 5
0.681155 0.357384 25 7
0.406305 3.23532 27 7
1.85997 0.811344 45 1
0.220343 2.75782 7 4
2.15303 1.55426 2 1
0.200469 2.84217 23 5
0.0537527 10.7922 9 7
0.621981 4.34691 30 2
3.93609 5.75208 10 6
1.37524 0.806384 37 5
1.0593 1.13706 40 2
0.0202673 0.176119 46 1
0.993985 0.130565 21 2
1.74111 0.397586 6 2
0.176449 3.27606 8 4
1.12669 0.732513 40 4
0.21001 0.0763092 17 1
0.452603 6.70976 45 1
0.475149 0.910567 27 5
0.59452 1.95676 45 1
1.19017 2.89234 26 5
2.36498 1.17923 49 0
0.132056 4.91701 30 2
0.144467 2.31443 44 6
1.33144 3.85517 1 0
1.77859 0.282213 17 0
0.682756 0.411443 35 2
1.57607 1.25162 22 6
0.0896347 0.141927 25 1
0.728685 1.85535 11 4
0.663591 0.574889 44 4
2.19688 0.727957 15 4
0.0277861 2.96482 36 2
2.14413 7.17226 14 6
0.114008 0.0963755 7 2
0.729742 1.4972 2 4
0.92208 1.69283 33 0
7.8708 0.38566 32 5
0.540524 1.70741 9 7
1.8298 1.96907 25 2
0.362757 3.62538 26 7
1.73345 0.60513 42 1
0.350383 0.140855 24 3
0.920954 1.79723 46 0
5.9553 1.36461 9 0
1.09261 0.573242 32 1
1.59914 0.556037 3 4
1.8141 1.50552 43 0
0.322468 2.4039 3 0
2.36577 0.32184 16 7
0.213341 0.635647 18 3
1.77683 3.25419 22 2
0.201202 1.28777 16 2
1.23704 0.112543 24 5
0.333045 1.61532 18 0
3.38816 3.90188 7 7
0.719692 4.27087 49 6
3.57654 3.04361 38 7
3.39121 5.26049 17 3
1.30194 0.721142 34 2
1.40475 11.9799 30 6
0.0233945 6.09546 27 6
0.674314 0.332162 42 5
3.18621 0.104956 30 5
2.59072 1.34928 25 1
0.155833 3.27397 10 7
1.30973 1.69867 19 6
1.80995 7.23947 4 5
3.90843 1.02512 23 0
0.380619 0.0692314 41 3
0.173544 1.03956 6 7
0.612371 0.887882 35 6
1.67349 3.93153 3 1
1.02762 3.54307 10 7
0.38379 1.46608 34 0
0.673909 0.732754 35 5
1.17921 4.75442 37 1
2.76198 1.49176 30 0
2.0696 0.938458 2 7
1.2525 0.842964 35 5
0.0885612 0.735917 46 3
7.02168 5.1702 16 6
0.516637 15.0521 41 2
0.385504 1.68634 1 1
0.567846 0.780743 20 6
1.68101 0.0508196 42 4
0.508359 0.397317 22 0
0.733356 5.14807 42 4
0.166184 0.685964 48 7
0.143587 3.23973 33 4
1.81008 1.84823 46 0
7.134 0.229946 13 5
0.557057 1.1179 25 7
0.610944 2.72966 26 2
2.2115 0.157357 23 6
3.47048 2.96121 18 7
3.48055 2.93898 43 7
0.743979 1.56718 30 7
4.91042 1.71331 46 0
1.15779 4.51623 36 0
0.283664 3.9143 6 3
0.839766 1.18258 41 6
0.74492 3.11155 29 5
0.715648 0.234477 33 5
2.01666 1.60985 34 6
3.59248 3.25 35 0
0.332874 1.18781 8 1
0.31536 0.39907 18 4
3.55836 1.96053 5 5
3.26958 0.26305 20 5
2.21475 0.0855093 19 6
0.127272 8.30195 26 1
0.796315 4.11338 49 5
1.06385 0.906942 38 2
1.52376 0.262338 25 1
0.339908 0.420142 38 6
1.59212 0.422223 25 3
0.354991 0.2693 7 7
0.14748 1.77607 40 6
0.884996 2.8842 48 0
0.937784 0.122364 38 7
0.548289 1.63214 13 0
1.14186 0.721595 9 1
0.66732 0.206245 6 7
0.31685 1.25135 19 4
0.894977 1.73872 29 3
6.54087 2.44607 13 4
0.498675 3.74344 33 1
2.3013 2.19593 11 7
0.0658913 1.89433 45 3
2.02325 6.43036 32 6
5.79335 0.76436 41 6
1.42073 3.96749 20 7
0.474101 0.11927 17 5
1.47479 1.35298 14 0
0.279936 0.216107 14 0
1.46122 1.7672 45 2
0.0269102 0.579498 36 1
0.171233 2.59357 5 7
3.11508 0.26477 36 3
2.95528 5.30434 19 6
3.36394 0.843599 29 3
1.61965 0.461854 26 1
0.347948 0.6137 9 1
1.7139 6.75774 23 2
0.186718 4.37975 25 6
0.884314 1.32729 33 5
0.940725 2.39333 7 5
0.950995 1.67718 24 4
1.9827 7.09677 3 4
0.138194 1.44433 36 5
1.41789 0.366959 41 5
0.0743659 3.11972 47 6
1.07903 1.98534 29 0
3.99447 3.41609 33 4
0.611372 0.626314 11 1
1.64706 0.904303 38 4
0.372953 0.502307 7 5
1.28418 0.450326 19 6
0.443812 4.01586 23 5
0.997132 2.31527 25 7
0.206859 5.79995 48 7
1.45781 1.18315 25 0
1.20677 0.845173 9 5
1.17902 0.171395 16 1
0.341997 2.06064 44 1
1.72257 3.45642 48 0
1.10723 2.21092 36 7
0.274105 3.7944 46 5
1.6105 0.309316 31 5
0.888156 5.31435 35 7
0.233333 0.384974 35 2
0.271011 9.50704 25 4
1.07806 2.45527 40 6
0.641823 0.670619 40 0
2.28863 1.70079 3 0
0.429538 0.0935707 36 0
0.175826 2.78894 37 3
1.12148 2.07359 20 2
1.62907 5.80676 30 1
2.99662 6.1104 38 4
1.07666 1.45695 18 0
1.50061 4.56054 11 4
0.548238 3.37462 29 3
1.99628 3.09626 24 1
0.660007 3.67743 28 0
0.5521 0.203169 20 7
4.57855 0.089431 8 1
3.74088 0.293266 38 4
1.05778 5.37596 32 6
1.8013 0.427732 19 7
2.97882 0.162142 19 2
1.97014 0.3921 25 7
3.20008 7.27319 48 6
0.00545649 2.60774 39 0
1.52515 0.228395 10 3
0.251789 0.161746 48 2
3.6989 1.2753 7 2
1.07157 1.685 16 4
1.06019 0.908156 48 5
0.77434 1.93175 30 5
0.915866 1.42186 24 4
0.0927236 3.42751 28 2
2.37166 0.737086 35 0
0.477282 1.09637 17 6
1.86754 1.8548 8 5
7.3619 1.92327 17 3
2.43279 2.99727 11 6
0.357314 0.547638 23 2
1.3191 0.243176 41 2
2.41351 2.41714 31 2
2.73267 2.95353 20 6
0.0419725 0.779008 33 1
2.08174 0.594653 49 1
1.83427 2.86783 36 3
0.656484 0.230574 11 3
0.411314 1.03445 36 1
0.72941 1.57195 24 6
0.100646 5.89151 8 0
1.27476 1.48737 47 3
1.67405 1.33553 31 4
1.30112 1.29878 39 5
0.102465 1.77346 7 4
1.19837 2.59721 48 1
4.76884 0.983669 17 5
2.08497 0.575693 21 1
0.139423 1.41226 12 2
2.78213 4.23858 35 3
0.345453 2.90008 49 1
0.108851 0.682531 43 6
1.827 13.4168 21 5
1.43682 2.38851 44 3
3.59449 3.81724 2 2
4.9191 2.00596 24 7
4.70163 0.866354 13 1
0.136863 0.169965 31 5
1.85492 1.21549 44 1
1.29533 0.776551 3 5
0.406101 1.90167 20 0
0.200223 3.18548 26 7
0.970622 1.51525 13 4
6.11799 0.800816 24 0
1.10316 0.824758 12 2
0.537013 0.417964 4 7
1.01756 0.189508 8 7
0.522812 3.8786 29 3
0.523853 0.127997 28 4
1.95444 6.2424 26 6
0.636457 0.686085 15 5
0.945402 0.676982 35 7
0.957163 0.214876 18 1
0.320008 2.26059 8 2
1.46445 2.92057 10 0
0.897774 0.73366 25 1
0.449543 6.97032 39 7
2.74119 3.05228 37 6
3.67631 7.72314 22 4
0.275442 4.84528 28 2
3.55454 0.262034 27 7
1.57641 0.967918 9 5
6.59432 2.62931 37 4
3.06351 3.60619 38 6
1.70153 1.50652 41 3
0.216526 1.42102 12 7
0.672977 1.01596 26 3
0.272405 5.85778 39 7
5.85034 2.89849 39 2
6.23673 0.141587 2 0
1.62589 0.666086 28 3
5.40778 2.77908 14 2
0.159897 5.42525 39 6
0.521129 10.5144 34 2
0.52035 3.87032 38 4
1.65067 1.53128 22 2
0.194111 3.80823 34 7
2.39961 0.875567 45 4
0.989229 1.9155 47 4
0.301325 3.73395 42 5
1.51792 1.2174 23 0
0.632839 4.85162 18 2
1.44586 5.22437 43 5
0.552723 3.15747 1 4
0.959354 0.978196 22 5
1.27855 2.70321 11 7
0.283195 4.81651 22 5
1.39098 3.21786 17 5
0.137024 0.635005 38 4
0.0916308 5.31409 44 2
1.99198 0.784442 49 7
4.8321 0.0760994 24 4
0.552068 0.266611 12 0
1.90792 2.06629 49 0
0.741719 2.16555 35 7
0.487927 7.68612 35 4
0.251614 1.99606 9 6
0.775975 7.19621 4 6
0.313788 7.19443 38 6
4.36767 3.66758 19 5
2.68871 1.22955 40 3
3.79333 0.571893 25 5
2.03502 3.93178 32 7
1.93088 2.7923 28 0
0.331282 0.801521 43 2
0.322848 0.174502 10 4
6.75889 0.155105 22 0
2.342 0.549402 39 2
1.16379 1.34018 38 4
1.27911 3.41647 9 5
1.07315 0.557464 30 5
2.70838 4.46701 41 7
0.132775 0.935753 16 5
0.608645 1.68507 16 5
1.05217 0.77998 36 5
0.813842 1.78272 1 0
3.33453 0.668296 26 4
4.56247 0.942047 8 4
0.944688 0.753262 12 5
0.11033 6.64898 30 6
0.367724 0.240222 27 3
1.1513 0.44052 5 7
0.724627 0.589923 30 1
1.69265 1.25491 9 3
1.31449 0.949158 45 3
1.31683 6.98352 47 7
0.288305 4.12746 29 5
1.88576 4.20219 29 0
3.06871 5.23393 23 4
0.0272336 1.52489 24 4
1.45906 6.14967 37 5
0.499891 0.238212 4 0
0.670541 0.109175 27 0
4.63249 1.80809 46 6
0.528604 1.69648 30 7
0.494207 4.34992 49 6
1.69725 1.96783 19 2
5.68493 0.379584 43 3
0.0528822 1.24377 3 5
0.859762 5.49444 38 1
3.44149 2.94361 10 1
0.302317 5.08227 49 3
0.612816 1.39254 23 2
0.385375 2.01392 9 0
0.118799 1.45253 18 7
1.1499 3.79596 16 3
0.242598 2.58739 4 3
1.06135 0.453994 28 4
2.57339 0.732083 35 7
0.158762 1.01477 24 4
1.90084 0.225611 45 0
1.3524 6.13414 5 2
0.597175 2.04325 13 0
0.563534 1.47803 26 4
0.107889 1.34621 45 3
1.15282 1.91479 48 4
2.06567 1.07687 29 1
1.52866 7.08552 34 4
0.0113043 1.40724 32 3
0.574716 0.831846 34 2
2.43404 0.216665 22 6
0.989217 0.181298 19 3
0.869044 3.20269 41 7
0.39648 0.610478 30 7
1.10215 4.23676 7 6
1.99584 0.608358 21 1
1.37887 7.65153 31 0
0.356325 2.9945 19 7
2.01827 0.578647 41 5
0.395367 4.18709 9 2
1.06507 15.5922 15 1
0.31671 0.328154 12 2
3.57172 2.68319 4 2
2.72325 1.87766 28 4
0.909123 4.22302 29 2
1.00067 0.162413 14 5
0.381876 6.15659 24 4
1.82848 1.10764 41 6
0.600021 5.36882 49 3
6.11499 3.95235 36 0
0.831553 0.637876 21 5
1.86073 0.0647815 12 6
2.43 0.55798 6 5
0.369391 2.47438 21 4
1.09048 0.307047 4 5
0.835134 0.348573 25 1
7.18149 1.87794 33 0
0.527441 2.37702 6 2
2.41299 1.58314 47 3
0.891713 4.14617 13 5
6.52295 2.55543 20 6
0.418119 0.559243 16 1
0.473266 2.45981 47 2
1.87673 2.02842 24 2
0.096674 4.5963 15 5
0.837267 2.2664 43 5
0.0677884 0.506094 10 3
5.13295 2.01696 11 0
0.279349 1.30805 41 4
1.2383 4.95459 39 1
0.928712 0.811071 21 6
2.3667 0.304188 4 1
3.89193 2.5905 37 4
0.365905 1.21684 18 5
1.10845 1.49509 11 3
5.88037 2.19164 26 6
5.04992 2.70205 20 3
1.02851 4.22362 29 0
0.10999 16.5466 40 0
0.143097 0.410321 12 7
2.11362 0.0670932 30 0
0.682376 0.163434 36 0
0.943442 0.187407 28 4
1.41612 5.96071 19 3
1.17222 0.674438 42 7
0.0474552 2.11698 46 7
1.17669 0.818658 1 2
0.727166 3.49691 16 6
2.00884 0.296416 41 6
0.212514 1.49913 47 3
0.971439 1.71321 45 7
0.71049 3.20578 14 0
3.97291 5.1955 48 0
0.815274 0.282971 46 0
0.623489 0.224949 18 1
2.41597 1.08418 4 3
0.809674 0.294408 15 3
1.08788 3.61254 40 7
0.402178 0.87506 42 2
8.94762 5.16491 21 0
1.94131 2.42718 5 6
1.73227 10.4345 41 7
0.0761097 4.42942 10 1
0.258144 3.34729 28 3
2.49577 0.437301 41 5
3.3331 1.17074 31 6
1.46897 1.9584 11 2
0.740856 1.22299 21 6
6.32915 1.70129 34 2
0.900809 1.78093 13 3
0.563916 2.07832 31 4
0.485869 4.41277 45 7
4.95751 0.796866 26 1
1.38053 4.92905 49 5
0.710495 4.14828 5 1
0.284164 1.67995 3 6
4.68684 0.836243 7 4
2.09617 2.37878 3 7
0.252098 1.07698 21 4
0.252908 2.87126 22 6
3.89902 0.14392 49 3
3.21736 0.109009 10 5
2.52477 3.21979 45 7
0.314443 0.119456 41 6
0.503922 0.144774 21 7
1.47243 1.99016 42 1
2.98975 3.50939 37 7
0.79266 4.32589 41 5
2.76918 0.525167 5 1
0.312404 3.33308 48 7
0.8531 0.371775 48 2
0.229099 0.649756 10 4
0.411919 1.31566 24 0
3.95039 2.85535 15 1
0.787531 7.73999 8 1
2.11864 0.107318 39 2
0.31123 0.384044 31 4
2.76974 1.40151 29 5
1.10428 1.55851 3 2
1.56808 3.6192 43 0
0.244645 2.63259 10 7
0.547784 1.83001 5 2
0.888747 3.6256 20 6
2.18539 4.1003 7 0
3.74292 0.753905 31 1
1.55381 3.94196 45 6
0.39627 0.15739 6 0
2.31486 0.100189 9 0
1.55785 2.57662 47 0
0.224387 8.23452 14 3
1.83333 1.00179 8 3
0.180596 3.14623 26 7
4.44851 4.90955 9 3
1.48364 6.31372 9 0
4.61313 3.12632 10 1
1.85855 2.48409 14 4
0.426891 3.79214 31 4
1.91511 0.310207 49 4
0.767085 4.9127 2 3
1.19641 1.55815 21 3
0.529714 1.3668 43 0
0.567484 8.17963 8 5
1.58017 2.61094 47 4
0.436482 3.75693 11 3
1.13806 0.493969 4 5
0.433168 6.98025 13 2
2.2604 3.19827 39 5
0.264678 3.96896 6 4
0.320409 0.115418 28 3
6.21785 0.867478 9 2
3.60621 5.1087 47 6
1.46267 4.65914 15 6
0.00640636 2.53559 26 5
1.19727 0.690708 3 5
4.07319 0.469105 14 7
4.16426 2.39207 21 6
1.43573 0.113508 16 3
0.517708 1.74528 36 6
0.638069 1.05324 30 7
0.270167 0.346367 40 6
1.93423 2.80962 28 5
3.21271 1.26898 17 1
1.11007 1.30574 3 4
0.00428077 1.9824 18 2
1.18404 0.971117 37 1
2.30362 1.96646 45 6
2.87078 1.77467 42 7
1.3457 1.138 39 5
0.0307149 2.73138 17 0
0.0639255 1.06012 13 3
1.85599 3.06434 46 2
0.389956 3.08319 32 1
0.0157578 2.50358 17 1
0.250146 3.62894 2 7
0.429042 0.410583 46 1
0.954038 0.870862 39 3
3.96659 5.40728 29 0
0.345953 0.535998 22 0
2.99599 2.5734 17 7
0.589974 0.15142 4 5
1.56225 2.2678 42 1
0.613706 0.407712 8 3
0.444964 6.2732 26 1
0.313279 3.05771 37 6
1.24754 2.9576 44 1
2.85157 2.91184 13 2
0.545159 1.3792 7 2
0.859622 3.78832 49 7
0.646473 0.503039 3 2
0.507627 4.01093 34 3
1.77805 4.07472 34 0
0.989704 2.24731 47 7
0.453971 0.485032 6 6
2.63058 2.46605 6 6
0.0463739 3.37127 10 4
1.02185 4.32415 20 1
5.98225 2.0128 21 5
0.591125 6.07013 8 7
1.76888 0.522125 2 6
2.02017 0.0580526 35 7
0.254068 0.521563 41 7
2.23947 0.160348 42 1
2.15209 9.5016 34 5
2.27276 6.03356 41 1
0.860871 3.53926 46 1
1.55107 6.22874 8 5
0.131016 4.09834 21 1
2.33673 5.23938 7 0
0.0679348 0.149608 2 1
0.122598 0.413813 17 1
0.170695 8.71702 42 0
2.9991 0.992194 16 5
0.0980635 3.56555 44 2
1.58586 8.35031 45 1
2.07382 2.92621 20 3
1.16653 1.66655 23 3
1.03445 1.84141 28 3
1.48757 0.3237 27 1
0.107492 2.39019 17 0
3.64136 1.15981 36 0
0.171974 1.33373 14 1
0.64977 4.30956 23 6
0.994589 0.440444 15 7
1.38519 0.740704 17 6
1.99752 0.331462 14 4
0.337069 0.581567 42 5
2.29476 4.45247 38 2
0.295065 1.84692 15 5
3.50896 1.43896 45 5
0.400114 2.50819 29 2
2.1027 0.35047 10 4
0.625654 1.63471 24 7
1.22558 0.805549 25 1
0.860213 2.80059 46 5
0.976937 0.946702 2 2
2.40326 2.91703 1 2
0.164256 0.22041 49 5
1.68148 1.40734 45 4
1.08533 5.91086 8 0
0.668152 1.2488 1 0
1.46644 1.79326 13 7
0.264952 4.12963 33 2
0.159809 1.00981 33 0
0.00167041 1.04572 18 7
0.716537 2.71906 27 7
0.111585 2.11027 23 3
0.894794 1.33608 25 1
2.18318 1.72686 11 4
6.68982 1.9068 24 6
0.569161 5.05235 9 4
0.289801 0.519458 32 6
0.98946 0.0563101 35 0
1.53569 3.58916 1 2
0.548027 1.93197 33 1
3.82172 4.56022 19 2
0.559476 1.37603 43 5
3.92295 2.73196 26 5
1.0567 0.939804 15 2
0.908798 0.186731 6 0
0.0819409 0.563513 7 2
4.09038 4.71039 28 5
0.66897 3.94512 47 5
1.40053 2.81182 49 0
0.119641 0.480607 37 7
2.41964 3.40328 36 5
0.0552997 9.76577 47 3
0.0474993 6.93693 26 7
0.185965 1.10262 10 7
0.298588 0.77309 34 3
0.0592369 1.21345 7 2
0.0595125 5.49602 19 7
0.0657826 5.30922 43 1
1.36914 1.40274 40 2
0.723502 0.753711 42 4
0.28649 2.61927 24 5
6.07939 1.01934 31 6
1.21425 3.02069 13 3
0.0996193 2.36919 36 7
0.965586 5.6364 38 3
2.10548 1.19163 30 4
2.19249 2.32558 47 6
2.64416 0.623598 20 7
2.6837 0.399453 33 1
0.858894 3.03622 49 7
0.711758 3.46039 18 4
0.613059 6.25021 22 1
2.36665 4.03901 31 3
0.255576 3.76843 2 0
0.66369 0.0739584 43 6
0.345013 3.43789 38 7
2.94285 2.14555 6 5
0.439177 5.86213 32 2
1.48596 10.8064 44 0
3.32895 2.93575 9 2
0.93951 0.646676 35 2
6.13535 0.801958 20 5
0.448216 3.27032 21 4
0.897048 4.22296 23 5
0.680879 1.50122 17 2
0.599181 0.080428 35 0
9.35074 1.40169 1 0
0.154277 4.34389 19 3
0.0476743 5.94477 38 7
0.257851 4.39465 31 4
1.13539 7.52017 5 7
2.04598 1.60864 32 6
3.35198 0.092184 11 6
0.0417903 0.271939 38 7
0.997641 0.6736 4 3
0.0601915 2.00185 40 7
0.847098 1.40887 45 3
0.398495 1.63911 47 1
0.778232 8.44555 10 6
0.800809 0.48539 34 5
0.277532 0.329233 21 6
0.302143 4.28619 38 2
0.05396 0.490277 35 7
1.73629 1.72089 42 6
3.38948 0.754805 12 6
1.79862 4.20297 3 6
2.13278 3.49861 34 6
3.41032 2.59648 23 7
1.94977 0.364091 35 0
3.89101 1.8999 19 0
1.64728 6.58021 47 4
0.763645 0.614647 23 5
0.848445 0.94762 26 6
0.169282 1.38157 35 0
0.251155 2.45146 45 7
0.422886 2.53052 42 7
1.96511 1.5179 4 2
4.87156 2.12785 17 2
0.964908 3.08401 48 0
3.36336 2.20408 38 5
3.0193 3.03494 24 0
0.166358 4.29286 6 5
0.813404 8.76747 33 2
1.30417 1.75553 16 5
3.98615 2.51659 48 0
0.303887 2.90442 22 2
0.691276 2.31533 21 5
0.272124 4.25212 18 7
1.02132 0.480943 47 3
5.27742 6.41264 6 4
3.16549 0.710974 45 4
1.85379 3.96078 9 2
0.773117 5.02268 22 3
1.12156 0.391976 35 0
1.83785 5.35188 39 0
1.69094 4.92555 3 6
0.023181 12.6017 9 0
3.52043 3.20709 30 1
4.26469 1.78335 35 2
0.491013 0.401039 33 2
7.3523 6.14635 34 3
0.0591493 2.4079 27 1
0.96378 2.91315 17 6
1.10813 2.41279 30 3
1.32611 0.653347 23 3
3.83143 7.41383 34 0
0.847632 2.47571 22 2
1.99205 5.78353 28 2
2.386 3.67634 36 1
0.674088 3.51535 19 1
0.807594 0.865015 47 0
3.1476 1.50154 24 4
1.51977 0.242435 49 3
0.0310666 1.08724 27 4
4.62056 0.112895 39 2
3.68 2.70773 27 2
0.7786 3.4483 21 1
0.970703 0.622695 17 0
0.94226 3.18363 6 5
0.240478 1.42706 7 1
0.983404 5.36844 30 3
0.355754 5.03293 1 6
3.13494 0.594085 6 1
2.71202 1.13679 23 5
0.143733 0.416265 46 3
0.595787 3.32192 24 1
0.839401 1.36979 40 3
2.56275 0.213394 29 5
4.12073 4.14077 8 6
1.57965 4.60949 33 3
0.0496654 0.733849 31 0
1.28024 6.31304 42 2
0.0802424 0.675713 36 4
4.31634 3.95422 39 4
0.319466 1.39473 1 7
0.93223 1.34343 32 4
0.335333 0.657779 21 0
0.0799144 6.82953 28 7
0.271188 4.1498 2 1
1.84087 0.391447 27 1
0.613391 3.31216 41 5
1.04558 1.30294 15 2
2.374 2.98448 13 5
0.142165 0.36635 15 5
0.582118 0.944784 41 4
0.381659 2.45636 26 4
0.788277 1.54727 41 6
1.23335 2.49863 4 0
0.622616 0.318964 38 1
0.979343 6.48067 21 5
1.36154 1.10838 20 2
0.890922 0.973234 49 1
1.34385 0.593256 40 1
2.39822 2.78724 37 6
0.176163 1.42725 31 2
0.0703507 0.989669 19 4
0.766669 4.78095 36 0
2.11782 5.06148 39 4
0.337537 4.25169 45 2
0.186732 0.340365 26 2
0.519711 2.75373 21 7
0.564321 4.4465 32 4
0.413422 3.43455 43 5
0.0808972 3.59928 15 4
1.33604 9.20027 31 4
2.61401 2.33901 12 7
0.762205 5.04405 14 3
5.21362 0.600316 36 5
2.79345 4.70195 30 6
1.5932 3.5476 19 0
0.975751 3.65766 39 3
1.05453 6.47438 49 6
3.25714 1.33617 25 2
0.00272478 0.863445 11 4
0.218934 1.84209 3 7
1.76489 0.669774 30 3
0.0945129 3.98007 13 2
1.12664 1.24426 17 7
0.221438 5.4014 21 2
2.34165 2.40886 11 2
0.0185993 0.959846 28 7
1.24888 0.697273 28 2
1.92336 1.2516 8 4
1.31321 0.723081 49 2
0.0411746 3.71872 30 3
0.230977 0.207372 19 5
4.10298 0.623012 3 2
2.41512 3.55204 27 1
0.0863741 5.65353 8 2
0.185542 0.849094 32 1
1.52113 0.630984 34 5
0.837013 1.04224 4 4
0.145909 1.02507 47 6
0.692084 2.74831 23 5
2.86078 1.77163 46 2
0.413553 1.93497 25 5
0.786096 1.13654 3 3
1.40528 1.0064 30 5
1.06425 3.20866 23 0
0.0656633 1.58693 28 6
2.17738 1.71494 30 6
0.226138 6.61611 25 7
0.791577 2.1612 16 2
0.150091 0.611395 1 3
1.15225 7.01344 46 6
0.422796 1.65877 27 1
0.304352 16.5119 13 6
0.874601 0.578505 31 6
1.61346 3.69419 30 1
1.69582 5.80079 9 7
0.906949 1.91956 10 3
1.85854 3.87953 45 5
1.82954 0.487675 27 0
1.44041 6.42782 12 1
3.61939 1.83262 46 4
1.72188 1.51148 19 4
0.336546 0.112649 40 0
3.69128 0.138972 48 4
1.17793 4.36699 2 5
1.33059 0.196457 22 5
0.350376 0.130527 34 1
4.38956 0.221366 16 1
1.22609 3.45194 37 5
0.294351 5.17643 17 4
3.23457 4.86135 35 1
3.14058 1.03613 39 4
0.228974 0.544172 13 1
0.385037 0.979636 45 4
0.598456 1.28057 34 5
0.867064 10.7419 41 7
1.86863 1.42514 34 0
0.498196 8.17873 34 6
2.4132 2.42216 49 2
3.99014 0.69122 42 7
0.743133 5.68064 8 2
0.328423 6.46689 45 3
0.534139 1.33554 8 1
0.701793 0.0848624 10 7
0.820505 0.329066 48 2
0.0989265 1.11008 4 0
4.54289 6.80678 21 0
0.247737 3.43267 1 3
1.44526 4.40761 39 1
1.97033 0.949811 30 7
1.74059 0.713092 9 7
0.404937 2.50306 39 2
1.87455 0.748901 29 1
1.2719 1.07733 16 3
0.449481 0.824909 28 4
0.0115903 1.45148 1 2
0.418884 0.609808 26 7
0.998504 5.26166 46 6
0.164274 5.56072 35 5
1.03319 1.83273 48 6
2.00205 1.56428 47 5
2.23825 3.26099 6 7
6.53779 1.07448 25 0
2.07089 1.70583 18 7
1.65015 0.393878 48 6
0.00595742 0.270446 30 7
5.21784 3.01617 27 4
0.32697 1.82037 14 0
4.66262 3.80979 35 1
0.992852 0.585159 10 4
1.07531 0.958377 26 5
2.22277 0.400119 34 4
0.428594 1.07214 17 5
0.778161 0.196504 31 4
1.9897 4.70088 6 0
0.619425 2.45215 5 5
0.718316 0.658678 46 0
0.750861 5.36942 31 0
0.293212 5.25172 38 0
0.00836557 2.02254 28 5
3.04449 0.342462 24 5
0.261578 5.92238 15 0
1.97422 2.20872 7 7
0.311203 3.94759 29 3
0.0082507 1.6894 26 4
0.641686 5.22395 32 3
1.97425 2.24416 24 1
0.198875 8.85974 49 7
0.120541 2.03615 34 6
0.861099 0.0698261 41 6
1.26057 0.15807 35 1
2.548 3.20298 31 1
0.314561 4.9637 37 3
1.89004 2.36941 44 4
0.298933 2.52792 38 5
1.30675 0.793099 33 2
2.33763 2.62201 4 5
1.50165 0.301482 27 6
0.212153 3.63865 49 0
0.930553 1.29197 10 2
0.4137 0.204655 38 0
1.5604 1.09899 27 1
5.08485 3.10228 41 3
4.67817 1.79364 37 1
0.223315 0.545303 48 1
0.460249 1.70961 48 4
0.405511 0.179525 31 2
0.833446 0.580227 30 2
0.413064 2.5897 16 0
5.63241 0.445246 12 0
2.72234 7.13119 24 1
0.836709 3.77103 21 3
4.39869 2.38121 31 6
0.137176 1.3905 18 5
0.894956 0.116551 46 0
0.35015 1.62123 20 4
0.157711 0.869573 31 7
0.79241 0.465508 48 5
0.141431 2.10437 45 3
0.581967 2.83223 43 5
0.464968 1.82683 24 5
3.67676 0.488543 15 4
0.296033 3.75201 35 4
0.390458 5.75156 7 5
0.278794 0.793097 28 3
0.754389 1.61874 6 3
0.0382372 8.86083 47 5
1.46715 0.508598 18 0
1.6114 0.50877 35 3
0.569018 14.7202 1 3
2.09778 0.892685 4 7
0.290353 3.99077 32 5
0.0738722 3.8506 2 4
0.406057 4.6999 2 5
2.40941 0.0681492 18 4
0.274524 0.886812 31 1
0.85957 2.78872 27 1
1.55295 1.50197 35 4
1.85306 0.660365 28 0
0.0141983 3.99876 36 7
1.22327 0.723255 24 1
0.119752 1.71439 45 0
0.971332 3.33581 32 2
0.0227651 3.30986 24 4
0.715924 8.86104 37 7
0.756365 2.0185 26 6
2.0483 6.72887 47 1
1.84311 1.0149 9 5
1.16083 1.13743 43 2
2.60759 0.668654 23 5
4.29582 5.43514 49 0
1.35444 1.88329 28 7
0.962527 2.92134 46 0
0.369438 2.0637 48 0
0.945161 0.278717 12 6
0.748031 2.29576 25 0
4.15539 2.54591 20 1
2.71722 0.405562 44 1
0.0238569 0.360604 12 2
1.44576 0.614047 18 6
3.08822 3.05523 48 7
0.415861 0.223589 44 2
0.239764 5.02286 3 3
0.869532 1.56331 24 4
0.12787 0.388605 40 0
0.428692 0.949367 13 5
0.775673 1.80969 5 7
1.75522 1.995 41 3
0.392261 0.640135 15 4
0.464027 4.16479 38 4
1.58532 0.529466 1 6
1.41504 1.88512 24 2
1.48637 3.17363 18 0
0.0222946 1.27861 41 4
3.20069 0.276592 25 3
1.41008 2.83839 40 1
3.05858 5.75785 32 6
1.74494 2.27488 21 4
2.06178 2.25253 25 4
0.15955 0.124841 44 1
1.94003 3.58978 17 1
0.224716 4.63284 40 7
3.7339 2.92014 18 3
0.626322 4.52663 29 6
1.87676 3.85371 30 4
0.662176 11.2954 10 6
1.22073 0.991341 24 2
0.600664 2.56237 28 7
0.709025 0.288236 8 3
3.81915 0.14474 21 1
1.81819 0.658313 29 7
0.0719711 4.52878 34 1
1.36323 3.14048 39 0
1.71228 0.122639 44 5
0.598805 2.65928 3 2
0.472849 1.26791 12 2
0.924674 2.4438 39 4
1.51346 3.9014 37 5
0.00246251 2.87543 28 7
1.01999 3.62254 9 6
0.906879 0.172639 44 6
0.113706 0.708865 28 4
3.0234 1.30346 44 6
2.16266 5.27527 9 5
0.968892 0.162896 17 6
2.53047 6.67026 24 1
1.33144 8.59827 6 7
1.85846 3.17626 38 6
2.04776 1.13786 32 1
1.2547 4.16619 37 4
0.321602 1.17162 19 0
0.387987 1.58912 38 2
1.00129 5.85627 7 5
2.54138 1.30734 41 4
0.643172 0.172558 22 7
2.04758 4.02098 35 3
0.229779 2.70295 32 2
0.883512 2.45548 40 2
5.55014 4.37179 18 6
0.473659 5.39947 3 1
2.19119 4.3896 44 3
0.353106 0.889349 47 3
0.57859 2.3841 17 7
0.736018 8.07592 19 3
1.35845 9.6513 36 7
1.29641 1.6916 13 3
0.517511 1.25305 11 3
0.438461 3.42549 31 7
1.18771 1.74306 17 1
2.14475 3.20551 32 7
0.559059 0.143739 39 2
8.0621 4.36795 36 3
2.30444 2.11364 16 4
0.0633485 1.42284 2 5
2.33188 3.68451 4 7
1.01073 0.961491 44 7
2.28144 3.85204 8 3
0.98575 0.672132 16 1
0.424575 5.55846 23 5
1.77722 4.42814 7 3
0.702418 2.0382 5 4
5.06253 5.41028 11 1
1.49627 3.16567 8 6
0.0258706 8.2146 38 1
1.94265 0.267198 30 6
0.516732 0.244821 46 3
4.77052 2.42196 10 2
0.826356 2.88166 40 1
0.366662 0.309399 37 6
5.69118 0.148109 2 2
1.98561 4.30279 11 1
2.15886 0.0872268 21 3
0.147332 9.21349 12 4
0.0723371 4.45676 2 7
0.831398 3.79388 16 0
0.864872 5.33169 15 2
5.42952 8.61704 6 0
0.00858765 4.81077 21 1
1.57773 1.23052 24 4
0.708847 0.341479 2 4
0.126055 3.37008 6 6
1.18398 4.83976 42 7
1.41695 4.60025 6 7
1.80368 2.2983 12 2
1.17498 2.61647 17 3
0.969919 0.747016 34 6
1.38109 4.78133 20 7
4.57577 2.21874 25 7
0.540482 1.28841 41 0
0.398538 1.03409 6 1
0.254854 3.70385 3 0
0.640401 3.2289 21 0
0.640634 0.699967 26 1
0.913052 4.23029 49 7
1.54731 2.50247 44 3
0.327838 2.35816 17 3
7.17887 4.66754 30 6
0.262219 0.876584 44 5
0.072754 0.218689 39 4
2.19492 3.91309 33 6
0.0225725 4.35734 49 4
1.43436 0.0906495 21 5
1.46422 2.91942 5 1
0.480115 2.22193 32 5
0.785161 3.66815 24 3
0.0677495 2.50317 4 7
1.67503 0.407232 25 4
3.60624 4.62774 19 0
1.5463 2.48191 29 5
1.45195 0.0584295 21 5
1.6549 1.81201 43 0
0.128976 1.74236 37 3
0.423637 3.68169 45 5
0.709 0.103765 30 7
0.239634 5.95595 22 7
1.95531 0.541276 49 4
2.30185 1.47019 15 4
0.820048 0.911581 14 7
2.28013 4.68307 45 0
0.583031 1.10608 30 3
0.167449 1.74549 6 3
1.03003 0.918802 21 2
0.317646 0.428119 13 0
0.54837 3.53968 32 7
0.293587 0.187036 22 3
0.604149 0.855164 13 6
0.180379 4.62399 48 4
0.29061 1.40582 47 5
3.4571 7.08759 10 4
0.380185 1.24494 45 4
1.04951 4.56196 31 1
1.26632 3.32039 3 1
2.18279 1.86341 30 6
2.23769 0.431288 36 0
5.66005 0.926958 32 6
1.79059 1.36477 27 2
0.613382 0.790039 47 3
1.44445 0.436851 49 6
5.5089 1.30106 1 3
0.188163 7.74029 33 0
0.906195 3.38453 48 5
3.00514 0.957307 41 1
1.30978 1.96039 48 5
4.09886 1.7028 3 5
1.92413 11.7198 7 4
0.205481 5.58737 23 7
0.478384 1.92839 16 4
0.940057 0.100294 34 0
2.01774 1.12202 39 2
1.51235 1.25922 25 5
3.56887 1.87139 22 1
0.00160314 1.82437 42 2
0.986901 0.122112 44 2
3.59528 2.67361 13 6
0.280267 1.43426 20 2
0.841382 6.56679 20 6
0.459282 4.40577 9 0
0.333817 1.04882 41 6
2.67962 3.50874 1 1
0.425393 0.428595 21 1
0.264399 3.11185 30 7
0.628727 0.412036 35 3
1.17283 5.90581 40 7
2.53237 4.15715 39 7
1.426 0.15889 48 1
0.664559 0.653196 2 6
4.73613 7.70225 46 6
0.140524 2.71469 2 5
0.641442 1.19227 32 2
0.994731 2.62476 37 7
1.13077 1.52828 46 4
0.416649 0.848196 26 0
0.542459 1.85953 14 2
1.86771 2.98 5 2
1.47309 9.1075 5 2
1.41601 5.61271 1 0
0.427651 1.12933 15 1
7.21113 8.11819 9 3
0.745875 5.53533 5 2
0.252263 1.32472 23 4
3.51381 0.831334 41 2
4.5514 0.237962 33 3
0.066863 0.774306 33 2
0.221237 1.08462 17 4
1.67089 1.2194 42 2
0.580517 10.4388 39 2
2.94646 0.42976 30 7
1.11046 7.27895 24 4
0.342037 2.88542 45 6
1.98465 1.48212 12 1
1.66215 0.349255 26 1
0.858512 0.416245 38 6
1.01869 1.30926 9 1
0.682989 0.172576 21 5
0.298875 10.5222 35 2
3.7857 4.07609 40 6
0.930093 0.88156 34 6
1.81365 0.278931 48 4
0.319348 1.7668 38 2
1.43218 1.64187 11 6
2.87881 2.45314 1 6
1.56418 2.16681 25 1
1.15996 3.91945 21 4
1.26496 3.6961 19 7
0.0738192 7.14627 35 1
0.0420292 1.01766 41 6
2.4318 1.3852 6 4
3.08702 2.85683 20 1
0.493704 2.2212 1 0
0.234851 1.77219 10 2
0.479525 1.30716 40 1
0.253514 4.34555 4 6
2.0513 0.715935 1 1
1.15604 0.481206 49 5
1.21306 5.85064 9 4
1.22697 1.39892 39 1
8.50965 0.628886 9 6
1.74184 2.59059 8 0
0.0483071 0.177172 7 6
2.91692 4.08521 29 2
0.0505616 1.29063 29 3
1.13951 1.51662 2 7
0.605686 3.89753 21 0
0.323081 3.91987 11 6
7.31247 2.44723 32 2
0.420009 0.624922 16 5
0.420603 2.04957 26 6
0.618748 5.62925 12 4
0.476942 0.54908 2 1
1.40035 7.00033 3 0
1.83585 1.95965 6 0
0.553999 2.9202 43 5
0.508388 1.65816 49 3
1.62717 3.07933 8 0
0.416532 1.03623 47 3
0.352439 4.30548 1 3
9.47645 8.54752 33 3
3.35613 0.910601 20 2
2.49304 1.71419 22 6
0.264171 2.89332 27 4
0.238489 1.66728 48 1
0.281168 5.04837 12 4
0.302006 4.46054 48 4
1.48511 0.117733 5 2
7.15584 0.761223 36 0
1.10574 5.00762 24 5
0.611949 0.25723 24 3
2.03206 9.11194 1 0
0.853236 0.069966 13 2
2.94269 1.85783 47 7
0.601079 0.302092 26 0
0.186926 1.26098 18 7
1.42628 5.89474 49 6
2.07381 1.98961 23 7
1.37938 0.166791 19 4
0.0273848 2.44945 35 4
1.4011 0.144204 45 4
1.14629 0.476772 22 0
0.416418 0.133534 6 4
0.770299 1.88477 25 7
0.786679 1.80967 39 6
0.0658005 3.54884 35 2
2.29157 6.88373 47 1
1.14719 1.06276 35 6
0.660216 1.25967 16 0
1.111 0.720062 9 1
0.445625 3.07722 41 2
0.358683 2.74972 14 2
0.258799 7.62996 9 6
1.7443 0.42196 7 3
0.108678 6.28195 34 2
0.411761 2.39445 10 3
6.9173 1.66953 23 3
1.77789 1.16311 34 0
0.0905223 1.75766 17 5
0.241103 1.31768 4 5
0.614358 3.65614 23 7
3.31679 1.35502 22 0
0.559358 5.36121 20 3
0.959148 1.33846 40 4
3.02347 3.39089 49 3
0.145019 1.08806 22 6
2.57176 0.723017 28 0
1.43495 1.20622 34 0
0.205427 4.67469 48 7
0.409861 2.31873 49 3
0.925881 2.41316 42 0
0.020361 1.09904 28 0
0.118963 1.59447 26 6
2.304 0.195418 33 2
0.494357 3.78727 19 0
0.225487 6.9411 5 5
2.15802 7.41441 34 7
1.1215 1.0392 20 7
3.97694 3.51434 1 0
0.138758 1.47268 8 6
3.21719 1.05566 32 2
0.700767 2.92416 33 2
0.87759 7.87869 20 3
3.19047 1.86454 6 2
0.889577 0.610185 15 7
1.07109 0.951508 48 4
0.0771982 0.0881298 29 6
0.851681 0.816707 34 5
1.29234 2.79547 48 0
0.614926 1.20622 17 1
0.564949 0.835904 29 6
2.20131 0.937146 6 6
0.9887 2.29253 37 7
3.21913 0.888747 25 0
0.509852 6.09182 45 2
0.274649 1.37061 45 1
0.114287 0.405438 13 4
0.998282 1.39663 38 1
1.65576 2.66892 47 4
4.22186 7.10148 14 4
1.08666 9.60138 26 4
0.436153 8.58675 31 3
3.00417 1.62727 34 7
3.00828 1.35068 9 0
1.10366 2.19649 31 7
7.0303 2.45087 7 2
0.442657 6.34415 42 6
2.8065 5.1951 17 4
2.7138 0.416023 9 7
0.155778 0.592861 16 0
1.55415 11.38 48 3
0.717618 4.91281 25 0
0.811258 5.31482 2 4
0.977432 4.70254 44 1
2.06176 0.788786 2 3
0.195907 2.59125 49 0
2.12673 4.57073 45 0
0.0453591 3.71067 7 2
2.02684 5.63426 38 6
1.97985 3.34307 45 6
1.34659 0.204627 20 7
3.35462 3.17996 7 2
5.00531 4.69797 35 7
0.940626 0.970279 46 5
0.222165 0.511614 43 6
3.95751 12.5189 7 2
3.10281 0.328079 8 2
2.59488 6.85115 9 4
7.34048 1.44776 22 0
0.219358 1.41845 22 7
0.44127 4.94415 39 2
0.260639 0.895365 49 5
0.868437 0.424378 26 4
0.202654 1.14892 45 7
0.882793 6.93926 17 5
2.92112 1.65314 13 1
3.31316 0.941012 12 7
1.82542 1.05199 42 0
0.29931 1.1915 13 5
1.514 3.41692 17 7
3.01708 0.464163 25 7
1.01429 2.27937 48 0
1.068 2.92849 36 4
0.24428 0.0847077 37 7
0.53756 0.113633 44 7
0.627199 0.799598 48 3
1.40359 3.58877 5 5
0.982001 2.14114 30 4
1.8156 5.56687 31 6
0.934192 1.39861 40 7
0.151679 1.61256 30 5
0.930172 2.78708 34 1
1.67559 1.40986 9 7
1.62157 4.77811 21 5
1.33172 1.73539 21 7
0.0840997 8.93905 26 1
2.82287 5.09201 49 5
0.476946 0.612475 32 4
1.56757 3.53054 18 6
0.770519 8.04891 4 7
0.680068 3.65967 42 7
1.35657 3.45203 32 6
0.380746 7.29916 34 5
3.54521 4.10375 46 1
1.58085 0.237107 44 0
0.456623 1.62327 33 0
0.35223 9.85951 45 2
4.00622 0.104297 13 5
2.19902 5.71113 31 4
1.45816 3.39099 19 1
1.63747 7.11883 41 3
1.9423 0.711483 31 4
0.518939 1.76043 32 3
4.6918 3.089 24 6
1.64439 2.35687 9 3
1.3976 2.09825 3 4
0.868077 1.00305 10 7
0.0795789 1.43824 2 2
0.653128 0.407965 33 7
0.650759 3.15547 24 2
0.330862 5.53341 37 6
1.28044 3.68808 32 5
0.658301 0.506097 5 0
1.84959 4.63402 30 6
0.244215 0.64223 36 6
1.44773 0.752874 3 7
0.679437 0.880238 44 2
7.26841 2.58253 29 6
1.0645 2.77306 31 7
0.803469 3.23383 30 1
3.11383 0.912149 11 3
0.201977 0.593861 11 5
0.745147 0.233505 25 7
0.54227 1.53538 47 2
1.87339 0.490515 28 2
2.28804 4.85339 4 5
1.03996 0.923135 28 0
0.0215097 4.53827 13 0
0.191745 1.98798 24 5
1.8966 0.974601 23 6
0.682743 0.16964 40 2
0.975141 0.71054 30 6
0.71494 4.46325 3 6
1.63877 5.24009 24 6
0.265083 7.915 42 6
2.23563 5.65031 45 0
0.810415 2.34687 41 6
3.44211 3.23582 34 5
2.0817 1.75273 1 5
1.85014 1.22896 26 7
0.327464 1.48478 34 0
0.532692 4.45065 45 4
2.19572 0.715574 17 3
0.194506 3.52664 25 3
0.619961 2.79401 14 5
0.698458 0.144835 22 6
1.08213 1.98115 29 5
3.5067 5.8745 31 7
0.592223 2.97165 49 2
1.04027 0.294428 43 5
0.565475 4.02598 6 4
1.132 1.20686 49 0
0.0535309 3.44154 42 4
2.16105 3.1776 21 5
0.414631 12.4337 22 6
3.22825 7.31488 36 6
1.43792 0.91065 6 6
0.69308 0.0924857 27 2
2.39525 1.05866 41 5
1.73165 0.545689 37 2
3.65033 1.41647 42 2
0.206968 3.41792 49 4
1.88625 2.22478 22 2
1.06744 4.59738 7 6
0.197403 3.50774 34 3
2.07521 3.68644 38 3
0.148131 1.28652 3 1
1.20582 0.604304 23 4
1.38204 3.08401 40 1
0.83573 0.630653 43 6
2.21779 3.01384 10 5
1.08537 2.80687 26 2
0.771401 3.92783 41 6
1.15506 1.32489 12 2
2.22724 3.07369 27 5
3.29668 12.8796 8 3
1.70561 0.168973 36 6
0.418108 1.39833 34 7
0.168534 0.370134 32 2
2.21754 4.5097 35 6
1.38229 1.68253 30 6
3.01713 0.459566 9 2
2.73667 0.876196 48 1
0.460419 5.36046 36 0
3.73791 2.04058 44 6
4.82378 1.44694 39 7
1.13529 2.21448 14 5
0.756903 0.114336 23 7
1.00437 6.72553 39 4
0.122028 0.134648 47 0
0.539881 0.261146 16 3
4.65151 8.19982 22 0
1.02078 2.86033 46 4
0.155535 0.912473 22 2
2.92623 0.851072 1 5
0.508655 1.93733 34 1
0.882173 1.88209 40 3
1.14948 0.739512 26 1
0.555216 0.501163 27 5
0.193582 0.101527 41 2
1.69853 0.739312 44 1
1.08699 2.80109 27 4
4.05379 1.49075 16 6
4.91642 21.4283 47 4
1.04634 0.71623 2 7
0.920447 1.53788 3 1
1.35855 1.31526 46 2
0.772186 0.77718 31 7
0.971383 1.74029 5 7
0.246842 1.17242 28 7
2.29733 0.358456 33 1
0.175948 1.27198 40 2
1.38441 0.508973 15 7
1.36821 2.65059 6 6
0.0639677 9.0842 2 4
0.364936 1.11898 21 2
2.61204 1.71396 13 0
2.6888 0.530447 45 2
0.491114 1.49629 29 4
2.49734 2.41446 47 4
2.15881 3.50671 23 4
0.719607 1.47543 19 4
0.748008 2.31411 5 2
4.10862 1.66204 32 1
4.64441 0.304467 11 1
0.452757 5.33278 27 3
0.547607 5.18317 2 6
0.943303 0.0783342 21 5
2.04091 0.40622 17 6
1.19697 0.884207 20 0
3.02226 1.76527 20 1
5.09321 8.09133 20 0
0.0833625 1.27369 13 5
0.442152 0.603082 6 3
0.10391 4.96823 14 3
2.93046 1.01303 10 2
0.860549 1.6579 11 7
2.02741 1.25922 1 2
3.0285 2.35898 27 1
1.182 0.222469 11 3
0.863732 1.91972 3 2
1.84481 4.61026 35 1
1.71427 0.134962 32 3
0.622249 0.500352 40 1
1.4564 11.5451 9 4
0.667832 4.34163 48 5
0.786192 1.76017 44 0
1.17967 5.56154 20 7
0.769201 2.06501 13 6
0.710828 0.15264 4 7
0.109273 0.890193 17 4
0.854779 5.02086 38 7
2.7391 0.198895 26 6
3.00712 1.89347 26 5
0.02461 2.24791 35 3
0.919363 5.63766 20 0
0.844671 1.05388 48 1
0.662191 8.74048 4 4
0.419585 2.28032 7 2
0.86264 0.323631 11 5
0.25162 0.875043 23 7
2.31881 0.0815613 33 1
1.29979 2.5255 30 7
1.05304 12.8343 2 0
0.560864 13.4413 10 2
4.76318 3.37423 43 6
0.562886 0.0790599 4 1
0.1749 3.21404 45 5
9.90195 2.45577 34 1
1.42243 2.7281 19 6
0.481075 0.101901 35 1
0.0209135 0.812443 12 5
0.426569 2.22817 48 6
0.544701 0.531276 28 2
0.295171 1.18539 29 5
0.123706 1.81757 21 7
0.190568 5.68457 6 1
1.14843 1.80942 1 1
1.06598 0.88279 18 3
1.12863 1.41646 6 1
0.0037972 6.19766 48 5
0.134101 1.62863 2 5
2.55849 1.26123 21 0
3.16477 0.476388 1 7
0.0759955 5.38944 12 3
0.699433 3.56167 28 0
0.0551425 0.281168 27 3
1.01731 1.06212 30 3
0.406045 1.39108 9 5
3.06938 4.00068 19 2
0.280146 0.581286 18 7
0.611573 2.54114 45 4
1.02685 4.89321 49 0
1.34683 1.53031 10 2
1.0944 0.823373 38 7
1.30541 2.47364 22 1
0.0521962 1.27896 41 0
0.28773 4.03257 18 5
6.33536 0.831524 28 5
3.27915 1.85475 13 4
0.660226 3.42487 34 0
0.296793 0.382365 19 2
0.707457 4.98703 12 0
0.939473 1.0287 9 3
1.7797 0.0989254 28 0
2.41886 0.238962 37 1
0.596331 2.93523 43 6
0.316685 5.29029 18 3
1.37406 8.3759 23 1
0.132702 0.540933 24 4
0.057584 0.925661 27 3
1.38017 0.958885 48 5
0.559752 1.66689 38 6
1.13774 1.69275 3 0
0.259836 0.272272 43 5
4.67687 3.87367 4 3
1.96659 1.70158 31 1
1.54861 6.16983 34 2
0.334986 3.88558 39 1
0.133438 0.809321 42 4
1.91452 1.27201 22 5
2.8959 1.77322 41 7
1.25 0.97201 30 3
0.137539 1.06525 43 1
2.42792 1.83636 16 4
0.788346 11.8767 41 2
2.13448 1.33955 27 1
1.56201 2.48087 36 4
0.0121164 4.50495 16 0
0.571604 5.11152 5 0
0.277232 0.981441 27 5
1.47868 2.23908 44 4
0.141001 3.87162 3 3
2.12682 0.373334 42 3
1.06141 2.42232 29 6
0.38203 3.0001 20 6
1.06177 0.880794 44 1
0.233339 0.129112 12 5
0.598346 0.688093 20 0
2.3625 3.08344 27 0
0.950702 1.28601 29 5
1.02311 2.17153 10 7
0.291949 0.686847 38 4
3.56622 4.29963 17 4
0.150563 3.86281 35 5
2.39946 0.213557 21 6
0.48645 0.52513 43 7
2.98086 2.28979 1 5
5.72578 1.41473 19 4
7.02187 1.46601 24 6
1.52994 3.55439 20 3
1.20942 0.801288 49 2
0.0612505 0.989337 4 1
0.674968 1.78134 49 2
1.59588 0.468123 12 3
1.9565 3.64214 5 2
0.288741 1.95218 39 6
4.79651 3.51305 32 3
1.00044 7.54707 40 7
0.336237 0.653307 13 5
1.07141 2.80451 44 0
0.261758 0.365277 22 1
0.454476 1.05761 30 7
0.141093 0.939598 13 5
2.5496 8.55586 27 1
1.80045 4.14826 29 6
2.01536 2.45105 35 0
2.54555 0.15347 39 5
1.75991 1.03133 37 0
0.836342 4.52128 14 2
0.256765 0.326694 14 5
0.739756 1.68379 23 6
0.844966 11.1736 48 6
2.25835 1.56062 31 3
0.104875 2.88009 24 0
1.8092 3.3554 37 4
0.0855052 1.91241 35 3
0.633184 0.0954996 39 3
0.187185 7.57835 11 3
0.804431 1.00206 12 0
0.51981 4.03661 48 7
0.411991 1.42438 18 5
0.151357 0.502162 39 1
3.27368 1.71163 37 0
0.0155074 2.03117 27 5
1.19017 2.86057 6 2
1.40451 2.84057 39 7
6.46738 9.64357 4 5
2.13392 9.12262 30 7
0.721121 0.159558 32 4
0.333727 2.16632 34 7
0.0833058 2.10661 46 7
0.163278 1.89766 28 2
0.314384 1.04249 32 1
0.00021559 2.19826 6 0
1.15667 4.24591 36 5
2.20775 2.875 32 6
1.81772 3.09169 16 0
0.459179 13.6335 48 5
1.16107 0.312304 30 2
1.38997 4.55837 33 1
0.254047 3.05254 18 6
0.460695 1.89969 42 1
0.585279 1.48154 42 7
0.171171 1.87234 35 1
0.357447 10.7413 12 4
5.71869 4.0281 9 3
3.23244 0.692903 40 3
0.0914515 1.99215 33 6
0.390668 9.8991 30 3
0.999876 1.99352 33 1
5.34955 1.81647 2 7
0.035076 0.8317 4 6
0.419811 2.92192 13 6
0.93226 2.1579 12 4
2.27377 9.47411 6 1
1.0399 0.705899 45 1
0.339118 1.64353 36 2
0.0168791 2.44823 22 0
0.188333 1.86752 46 6
2.19696 18.675 30 7
1.63848 0.413304 36 6
1.74352 0.179872 23 3
0.0399274 1.45589 32 3
1.54494 1.51334 35 1
3.5119 2.17321 21 0
0.299472 0.430239 5 5
1.5317 12.0139 27 4
6.74033 4.85663 26 2
6.44748 3.60579 9 2
2.36847 1.21335 40 1
2.31509 2.07418 31 4
8.93339 2.9197 33 0
0.420474 6.43455 8 4
0.0934325 3.54529 12 2
1.94983 0.661909 41 2
0.105043 2.65071 29 7
0.742884 0.750184 13 6
1.36861 7.49642 47 4
1.00206 1.47145 6 3
0.176726 0.661556 29 5
0.214159 0.780468 10 6
0.00904147 2.17237 4 1
2.22437 0.279002 26 1
1.89275 5.70057 4 6
0.21537 2.85168 32 1
1.39386 1.35477 41 6
2.62052 0.195493 19 0
0.456524 0.16279 33 4
0.504411 0.436959 19 5
1.79592 1.9851 47 3
1.40647 1.9981 32 5
0.820473 0.888619 25 3
4.56036 4.87505 33 3
0.432987 1.82329 15 7
1.1877 1.08351 47 1
0.689187 1.27094 37 2
1.07793 5.07706 1 6
0.741649 0.14864 13 7
1.23906 0.355446 30 7
0.729731 5.6176 20 5
1.96342 6.58897 3 7
0.815347 2.67529 44 0
6.40531 0.511693 8 5
1.15671 0.281345 47 7
4.41458 0.140694 33 5
0.110316 0.258973 30 2
0.310232 3.86698 17 3
1.60527 0.819085 3 4
0.304015 5.68474 28 2
1.1253 1.99476 19 3
1.76475 1.60708 5 5
1.14697 7.90944 32 3
6.99129 2.89195 7 7
2.03482 0.791973 14 0
0.0576747 1.29466 23 2
1.52855 1.80213 43 1
0.72701 2.14153 26 0
0.1624 0.31701 26 1
1.18875 1.25735 46 7
0.593405 1.45544 19 5
0.165165 1.72974 30 1
1.95808 0.370478 9 1
1.02634 1.21621 25 6
2.98942 2.5802 49 5
0.324791 1.75015 39 5
1.29023 3.03691 43 6
0.119516 0.634612 36 4
1.45375 5.79977 13 2
0.703782 0.461697 19 6
0.453798 1.4965 4 1
2.38845 1.41527 3 2
0.0843531 9.0121 2 5
0.895353 0.557339 21 7
3.03963 3.05202 39 0
3.40178 1.76492 31 3
0.720565 0.40942 35 1
0.480737 6.0726 4 3
0.61412 4.6449 33 6
0.433355 0.929706 8 5
0.447428 4.26179 21 2
9.00649 0.45986 11 0
2.71265 0.0875991 8 1
1.02294 0.676088 35 0
0.627432 2.32691 16 2
1.01291 2.42173 40 1
0.863463 2.00013 49 2
2.60249 5.13332 48 7
1.64394 2.42954 8 2
2.06985 2.58115 22 3
1.5063 1.33148 31 6
1.39206 2.87675 46 0
0.459356 3.6488 19 1
0.67306 4.31392 18 1
0.637441 2.73952 23 6
1.07277 2.21196 35 6
0.306007 0.447722 6 0
2.18763 1.56421 21 4
2.76213 7.37829 20 4
1.39687 2.81158 27 0
0.807105 0.245559 16 1
3.20043 1.02096 18 5
5.64886 0.549942 27 3
2.03938 3.58763 14 0
3.3502 2.43007 5 2
0.101127 1.70572 43 0
0.805545 3.24642 30 7
0.706678 4.92373 3 1
3.8593 2.57243 19 1
4.50358 0.822607 46 0
0.846542 1.94673 28 6
0.486877 0.508519 42 6
2.17356 0.234237 6 1
1.15789 0.0604608 12 0
1.84811 0.531862 47 7
0.0478809 13.2754 4 0
1.42177 2.14265 11 3
2.55568 5.19555 24 5
0.739404 9.05098 26 2
0.21589 2.65542 6 0
1.81015 3.6888 12 5
2.10512 2.0213 37 4
1.82256 0.946544 19 1
0.50204 2.04868 14 0
0.178489 1.84326 24 0
0.692743 0.15207 38 1
0.0182485 3.20992 26 6
0.648262 1.19308 46 7
0.205015 4.73759 32 0
0.711142 2.44913 30 7
3.57872 0.0848112 7 6
1.18673 2.25643 43 2
0.147689 2.71516 19 4
1.69937 5.00718 36 2
1.23859 3.53489 7 0
0.180795 6.92649 48 5
2.18108 1.26361 42 6
0.00221649 2.0932 35 0
1.21299 0.469547 43 6
1.92866 0.856956 9 1
3.83003 1.54554 34 2
0.53535 2.29263 33 0
0.602579 0.597801 8 4
0.203692 5.04915 14 0
0.409441 5.20354 45 5
0.805777 1.23848 41 7
1.0873 0.960194 43 5
1.2428 7.97081 44 3
0.749251 1.47329 43 2
0.0380993 1.66174 19 5
1.59228 1.54418 9 1
0.539497 2.04098 14 3
0.782557 4.21535 10 1
0.299944 10.5654 8 2
0.489793 13.802 1 1
4.39385 0.337082 31 5
1.11734 1.90332 45 3
9.48845 3.02393 3 2
0.224723 3.75496 26 4
0.554861 0.595293 48 2
0.0100262 4.60467 20 6
2.47674 1.55675 4 7
0.85038 6.1974 1 4
0.0331837 1.20014 12 3
3.18304 4.74411 43 0
1.11773 0.241568 22 2
2.67795 0.14451 42 6
0.37908 0.522308 5 6
0.0149735 1.82613 28 1
4.64359 1.14646 3 4
0.448663 6.7837 10 5
0.511797 2.19895 7 6
0.787348 12.2629 45 0
0.0978581 2.64584 17 0
1.64147 4.11142 46 0
5.27863 12.5635 42 0
0.995581 2.29504 9 4
4.21466 3.68978 7 6
1.716 2.93961 25 7
0.433762 1.19602 40 2
0.637895 0.864308 18 4
3.68055 0.965543 33 3
0.165918 1.41342 24 7
0.762673 2.89323 46 0
0.45338 5.56286 31 6
1.52685 0.774606 28 5
3.94554 7.37026 32 6
0.53884 2.04444 6 2
2.51188 1.97107 45 1
2.64416 1.49898 32 0
2.81121 5.38746 48 5
1.1763 0.335017 40 1
8.567 2.14904 47 2
2.44767 1.73054 49 1
0.817958 1.18869 3 1
3.53042 4.62425 29 2
0.673256 1.91232 25 6
4.79339 4.85063 41 1
1.89817 0.634955 45 5
0.543345 0.901707 43 5
2.77684 0.551826 2 2
1.58941 9.57057 28 7
0.601553 1.27926 7 5
0.369588 0.877735 49 3
2.35079 1.76884 9 1
0.616762 12.7241 20 7
0.32296 3.03343 31 3
6.04977 1.84005 9 1
1.68782 4.08078 24 5
2.1526 7.64611 26 7
0.594691 1.04762 31 3
1.34847 1.25975 41 4
3.03867 13.1343 40 6
6.36453 3.92483 34 6
0.946708 3.05398 15 4
0.337816 2.00238 34 0
0.599241 4.49989 36 7
2.18559 3.41685 38 7
0.102067 2.49734 16 2
0.0113534 5.04927 45 0
2.80152 0.899363 44 1
0.112588 1.48794 48 3
0.209955 3.4941 48 5
0.488984 1.09942 37 2
0.273353 1.8811 13 0
0.428566 14.1853 46 5
1.38522 3.76766 49 2
1.45392 0.329691 24 4
0.715285 2.58747 33 4
0.111353 1.26107 48 6
0.201867 0.205727 22 4
0.737367 4.20146 47 3
0.570485 4.16977 23 3
2.32838 2.44601 5 4
0.707215 6.51041 47 7
0.0440815 2.16555 24 4
0.334142 5.19885 6 5
0.423289 6.4914 25 4
5.93948 0.189171 10 4
2.85139 5.03672 2 6
1.59028 1.78204 11 4
0.176672 3.04599 5 3
1.39307 7.74241 23 2
1.06309 0.212068 46 2
3.91049 8.94352 49 6
3.22588 1.84453 21 0
1.19353 1.28475 36 4
0.418044 0.710708 19 0
1.88151 1.35041 30 1
0.156718 0.94561 32 2
0.420527 5.59181 31 1
4.39269 1.5791 24 0
0.800592 1.93895 46 5
0.0619572 2.75194 39 3
0.0739178 1.64495 48 5
1.73859 2.76936 38 4
0.101524 2.53599 36 6
3.82261 2.60111 5 6
1.08043 0.868742 2 4
1.907 1.68147 31 6
0.0137305 1.56388 25 7
0.174356 3.01542 17 6
0.259749 3.05993 26 1
0.644319 3.04973 35 4
0.56961 2.28187 20 5
0.373447 1.79986 28 1
2.18043 1.37816 37 3
3.1721 2.45918 16 0
0.107883 0.532873 3 6
2.91737 2.42847 32 7
0.537971 4.37062 5 2
1.05204 0.648002 44 1
2.32235 3.16693 44 7
0.347557 2.08041 11 0
4.928 0.149273 24 1
1.53045 0.618545 12 2
0.680728 3.17684 5 6
0.566794 0.839401 35 2
0.139716 0.584377 34 3
0.742171 1.44026 27 6
0.214017 2.18524 38 5
0.199662 0.140491 32 7
0.110571 5.18535 3 2
0.111696 3.22396 27 4
0.809956 1.24474 15 1
1.50252 11.4115 30 2
0.286686 3.2295 32 3
0.225856 4.37267 11 5
0.722348 0.144483 18 3
0.107729 12.905 19 6
2.87078 2.24482 6 0
0.51651 1.09311 30 2
1.82391 0.310594 25 5
0.132164 5.75655 44 5
1.37348 1.65509 7 1
0.502067 2.69347 47 2
1.67185 2.97561 39 1
1.64511 4.73559 5 3
0.805248 3.93405 25 2
0.198388 5.48757 26 1
6.03658 8.56967 39 7
2.85933 1.08134 33 4
2.38615 0.611447 37 7
2.74668 0.926301 10 3
6.03689 0.105322 35 2
2.89728 0.656303 39 5
0.00554221 3.14499 48 6
1.29629 1.80323 1 3
0.909516 0.628864 17 5
1.12407 19.048 9 5
0.319932 0.217395 27 7
0.638545 0.823208 20 5
0.485079 5.90371 49 6
0.181269 0.716897 27 7
4.12226 1.72954 37 3
7.14585 0.738786 44 4
0.847604 3.8125 10 0
2.14678 2.45833 32 0
1.64188 4.24751 48 7
0.118289 2.53903 30 5
1.09179 1.34589 24 2
1.45413 9.74804 11 3
0.903075 0.134143 43 4
0.45727 0.755413 4 2
0.0344607 3.28735 15 1
0.603293 0.211156 11 7
2.98059 4.22835 46 0
0.834723 1.59335 34 0
2.86201 4.73387 19 3
2.49614 1.35571 45 5
0.828139 0.639364 12 2
0.869379 2.91574 28 4
0.749587 0.45317 36 1
0.339216 0.205923 11 7
2.942 4.81884 47 5
0.534608 1.18645 35 6
0.339836 6.43121 16 7
0.569868 3.69889 33 1
5.43174 0.280039 26 4
2.10014 6.30264 5 6
0.0989761 0.590017 4 5
0.42002 3.15732 32 6
1.18266 1.36106 28 0
2.12074 3.36048 47 0
1.52484 3.3566 48 0
0.993727 1.14366 13 4
0.834034 0.725088 5 6
0.240004 4.41754 30 6
0.0288274 1.02084 25 5
0.0483485 5.06407 30 3
0.456509 4.69626 26 7
1.23276 1.90577 48 6
0.425439 0.190293 39 1
0.751102 9.09198 38 1
0.336346 0.456736 46 5
5.31961 1.56367 21 0
2.13727 0.274544 36 1
4.31803 2.84035 30 6
1.0383 5.29008 36 7
0.732238 0.955247 33 2
0.633893 2.03523 29 1
1.05193 2.71109 19 2
2.33703 2.91326 45 1
0.20892 2.90923 11 0
2.08263 0.171559 14 2
1.81811 0.389233 3 6
0.00564838 0.655868 33 4
1.04556 2.74627 46 0
0.332965 1.6895 18 2
0.208917 0.812981 27 0
4.14064 2.07595 14 7
0.385809 1.77926 1 7
1.13041 3.18216 14 5
2.62876 2.79128 25 1
3.04308 4.54283 37 4
0.973519 0.991206 36 2
2.26185 6.43293 28 0
0.292562 5.592 7 6
0.844615 2.30594 39 2
0.140507 0.620431 16 2
3.57862 1.36688 5 1
0.112062 1.36991 20 0
0.400388 4.87447 32 2
